{"model":{"file":"beast.ply"},"weights":{"file":"beast.dmat"},"fk_animation":[],"ik_constraints":[21,17,8,4,11],"bones":[{"parent_id":-1,"weight_id":-1,"length":0,"xzx_min":[0,0,0],"xzx_max":[0,0,0],"rest_T":[[1,0,0,-7.7049123029526712E-5],[0,1,0,177.4229736328125],[0,0,1,7.8118896484375],[0,0,0,1]]},{"parent_id":0,"weight_id":0,"length":46.820827843214779,"xzx_min":[-2,-5,-2],"xzx_max":[2,5,2],"rest_T":[[-0.82277651084348058,-0.54526998805515836,0.16037285721266928,-7.7049123029526712E-5],[0.53864511733229514,-0.83811708008963537,-0.086146373319494721,177.4229736328125],[0.18138426276363054,0.015504844028599996,0.98329006352822623,7.8118896484375],[0,0,0,1]]},{"parent_id":1,"weight_id":1,"length":43.891727377534018,"xzx_min":[-40,-80,-40],"xzx_max":[40,80,40],"rest_T":[[-0.87644789873753048,0.4253643994295131,0.22561961017725618,-38.523154416766573],[-0.40310572085763885,-0.90448546170123623,0.13932633413301565,202.6427839400161],[0.26333411972323439,0.03116371718956246,0.96420120520590424,16.304450988761879],[0,0,0,1]]},{"parent_id":2,"weight_id":2,"length":44.541577231317255,"xzx_min":[0,-10,0],"xzx_max":[0,100,0],"rest_T":[[-0.67943209543944638,0.48677071150502782,-0.54902304333028851,-76.9919666487668],[-0.33874716913952257,0.45564332604800661,0.82318862651756153,184.94977753580829],[0.65086279897281174,0.74528077517724745,-0.14468649924743673,27.862640380856988],[0,0,0,1]]},{"parent_id":3,"weight_id":3,"length":39.460390668293023,"xzx_min":[-0,-30,-0],"xzx_max":[0,30,0],"rest_T":[[-0.52553796776386263,-0.67771955431359809,-0.51430151675802682,-107.25494380121862],[-0.48395303427704145,0.735320347463805,-0.47444014081836861,169.86144433969017],[0.69971373078758,-0.00043852786295460369,-0.71442319576049562,56.8530960082958],[0,0,0,1]]},{"parent_id":0,"weight_id":4,"length":46.820827843214779,"xzx_min":[-2,-5,-2],"xzx_max":[2,5,2],"rest_T":[[0.82277651084348047,-0.53864511733229548,-0.18138426276363065,-7.7049123029526712E-5],[0.53864511733229548,0.8408260361597143,-0.053600508300020139,177.4229736328125],[0.18138426276363065,-0.053600508300020132,0.98195047468376617,7.8118896484375],[0,0,0,1]]},{"parent_id":5,"weight_id":5,"length":43.891727377534,"xzx_min":[-40,-80,-40],"xzx_max":[40,80,40],"rest_T":[[0.87644789873753037,0.41392549895716685,-0.24597715770296211,38.523000318520509],[-0.40310572085763891,0.9101767369763526,0.095310467834979234,202.64278394001613],[0.26333411972323456,0.015620140208707159,0.964578225241193,16.304450988761886],[0,0,0,1]]},{"parent_id":6,"weight_id":6,"length":44.541577231317255,"xzx_min":[0,-10,0],"xzx_max":[0,100,0],"rest_T":[[0.67943209543944627,-0.66137428726623093,-0.3177358648781215,76.99181255052072],[-0.33874716913952246,0.10138601224897134,-0.93539896938162759,184.94977753580832],[0.65086279897281174,0.74317220660041938,-0.15515375680253715,27.862640380856995],[0,0,0,1]]},{"parent_id":7,"weight_id":7,"length":39.460390668293023,"xzx_min":[-0,-30,-0],"xzx_max":[0,30,0],"rest_T":[[0.52553796776386341,-0.42573545771605692,0.736586155505198,107.25478970297253],[-0.48395303427704073,-0.86166162958376413,-0.15273734552196883,169.86144433969019],[0.69971373078757981,-0.2762038307959383,-0.658871868272561,56.853096008295807],[0,0,0,1]]},{"parent_id":0,"weight_id":8,"length":23.805643374409094,"xzx_min":[-2,-5,-2],"xzx_max":[2,5,2],"rest_T":[[6.123233995736766E-17,-0.9872149274300116,-0.15939475229554098,-7.7049123029526712E-5],[0.9872149274300116,0.025406687059356926,-0.15735687882016713,177.4229736328125],[0.15939475229554098,-0.15735687882016713,0.97459331294064311,7.8118896484375],[0,0,0,1]]},{"parent_id":9,"weight_id":9,"length":18.476528999302079,"xzx_min":[-10,-20,-10],"xzx_max":[10,30,10],"rest_T":[[2.4249497716619653E-18,0.014454885263703135,0.99989552268825221,-7.7049123028069042E-5],[0.79427626114599936,-0.60749328768929545,0.0087821633088324223,200.92426012910451],[0.6075567635866892,0.79419327729744982,-0.01148117222254858,11.606384277337424],[0,0,0,1]]},{"parent_id":10,"weight_id":10,"length":36.526178970853067,"xzx_min":[-20,-20,-20],"xzx_max":[20,40,20],"rest_T":[[-1.1398225764777002E-18,0.014454885263703135,0.99989552268825221,-7.7049123028024238E-5],[0.023309772449721336,-0.99962384141684868,0.014450957731758772,215.5997285016258],[0.99972829034110178,0.023307337107358408,-0.00033694008628376381,22.831924438469002],[0,0,0,1]]},{"parent_id":0,"weight_id":11,"length":19.343067544837751,"xzx_min":[-5,-10,-5],"xzx_max":[5,10,5],"rest_T":[[6.123233995736766E-17,0.99684272137184438,-0.079401441095080946,-7.7049123029526712E-5],[-0.90299184083317063,-0.034115440208270321,-0.42830114654074619,177.4229736328125],[-0.42965769560048828,0.071698853459253767,0.90014084399270911,7.8118896484375],[0,0,0,1]]},{"parent_id":12,"weight_id":12,"length":22.213009484826426,"xzx_min":[-5,-10,-5],"xzx_max":[5,10,5],"rest_T":[[-9.840716621367802E-32,0.99684272137184438,-0.07940144109508096,-7.7049123028342288E-5],[-0.96456806620886049,-0.020948809755461806,-0.26300112741189674,159.9563414631391],[-0.26383412525694871,0.076588094491279013,0.96152265606801779,-0.49900817872208236],[0,0,0,1]]},{"parent_id":13,"weight_id":13,"length":13.880526247807458,"xzx_min":[0,0,0],"xzx_max":[0,0,0],"rest_T":[[-0.90820876901675363,0.40607512132864193,-0.10129080767276934,-7.7049123028342288E-5],[-0.36240116500509917,-0.88410985245728957,-0.29498332900504176,138.530381859681],[-0.20933759214250081,-0.23119853941121396,0.95011841782490547,-6.3595581054755677],[0,0,0,1]]},{"parent_id":14,"weight_id":14,"length":54.752609311834981,"xzx_min":[-10,-40,-10],"xzx_max":[10,40,10],"rest_T":[[-0.31208299703999082,0.821448064069917,0.47731256111098014,-12.606492705948979],[-0.83580604351698939,-0.47625423295580971,0.27314861012304281,133.50006297659172],[0.45169952466104468,-0.31369568633862238,0.83520210475879864,-9.2652740478623627],[0,0,0,1]]},{"parent_id":15,"weight_id":15,"length":79.839331970532811,"xzx_min":[0,-100,0],"xzx_max":[0,10,0],"rest_T":[[-0.20817430418634239,-0.38582194174792167,-0.89877966618209382,-29.693851115746149],[-0.91870741324715754,-0.23818056214408126,0.315034456308268,87.737501215435458],[-0.33561905178527746,0.89129762093399156,-0.30487440528217274,15.466453552245387],[0,0,0,1]]},{"parent_id":16,"weight_id":16,"length":38.991165474903191,"xzx_min":[0,-20,0],"xzx_max":[0,20,0],"rest_T":[[-0.21248399467445139,0.0657696378823296,-0.97494866877185671,-46.314348495414222],[-0.20833785496633858,0.97174244274060728,0.110959286067202,14.388515065406168],[0.95469675300338841,0.22669578670400017,-0.19277741074991606,-11.329147338874822],[0,0,0,1]]},{"parent_id":13,"weight_id":17,"length":13.88052624780746,"xzx_min":[0,0,0],"xzx_max":[0,0,0],"rest_T":[[0.90820876901675363,0.416989334477571,0.035731314179939869,-7.7049123028342288E-5],[-0.36240116500509911,0.82626565158135745,-0.43121974516455286,138.530381859681],[-0.20933759214250092,0.37868848404564331,0.90153913091290316,-6.3595581054755677],[0,0,0,1]]},{"parent_id":18,"weight_id":18,"length":54.752609311834981,"xzx_min":[-10,-40,-10],"xzx_max":[10,40,10],"rest_T":[[0.31208299703999087,0.73553098638476411,-0.60133050066198479,12.606338607702922],[-0.83580604351698928,0.51348889265665276,0.19431267261483809,133.50006297659172],[0.45169952466104463,0.44195398537189462,0.77501239618143247,-9.2652740478623645],[0,0,0,1]]},{"parent_id":19,"weight_id":19,"length":79.839331970532811,"xzx_min":[0,-100,0],"xzx_max":[0,10,0],"rest_T":[[0.20817430418634239,0.39976209678892438,-0.89266663713138472,29.693697017500092],[-0.91870741324715743,-0.23324912944951812,-0.31870289056699608,87.737501215435458],[-0.33561905178527773,0.8864452095769737,0.31870792662998892,15.466453552245381],[0,0,0,1]]},{"parent_id":20,"weight_id":20,"length":38.991165474903191,"xzx_min":[0,-20,0],"xzx_max":[0,20,0],"rest_T":[[0.21248399467445142,-0.050589448974617882,-0.97585411802155786,46.314194397168166],[-0.20833785496633886,0.97335152495335742,-0.095823520385126815,14.388515065406182],[0.95469675300338841,0.22366831810388033,0.19628192296125729,-11.329147338874849],[0,0,0,1]]}]}
