{"model":{"file":"chimpanzee-hand.ply"},"weights":{"file":"chimpanzee-hand.dmat"},"fk_animation":[{"bone_id":3,"keys":[{"t":0,"xzx":[0,0,0]},{"t":1,"xzx":[10,60,0]},{"t":2,"xzx":[10,58,0]},{"t":3,"xzx":[10,60,0]},{"t":4,"xzx":[10,58,0]},{"t":5,"xzx":[10,60,0]},{"t":6,"xzx":[0,0,0]}]},{"bone_id":4,"keys":[{"t":0,"xzx":[0,0,0]},{"t":1,"xzx":[0,20,0]},{"t":2,"xzx":[0,19,0]},{"t":3,"xzx":[0,20,0]},{"t":4,"xzx":[0,19,0]},{"t":5,"xzx":[0,20,0]},{"t":6,"xzx":[0,0,0]}]},{"bone_id":6,"keys":[{"t":0,"xzx":[0,0,0]},{"t":1,"xzx":[0,60,0]},{"t":2,"xzx":[0,-5,0]},{"t":3,"xzx":[0,-2,0]},{"t":4,"xzx":[0,-5,0]},{"t":6,"xzx":[0,0,0]}]},{"bone_id":7,"keys":[{"t":0,"xzx":[0,0,0]},{"t":1,"xzx":[0,80,0]},{"t":2,"xzx":[0,-5,0]},{"t":3,"xzx":[0,-2,0]},{"t":4,"xzx":[0,-5,0]},{"t":6,"xzx":[0,0,0]}]},{"bone_id":8,"keys":[{"t":0,"xzx":[0,0,0]},{"t":1,"xzx":[0,80,0]},{"t":2,"xzx":[0,-5,0]},{"t":3,"xzx":[0,-2,0]},{"t":4,"xzx":[0,-5,0]},{"t":6,"xzx":[0,0,0]}]},{"bone_id":10,"keys":[{"t":0,"xzx":[0,0,0]},{"t":1,"xzx":[0,60,0]},{"t":2,"xzx":[0,60,0]},{"t":3,"xzx":[0,-5,0]},{"t":4,"xzx":[0,-2,0]},{"t":5,"xzx":[0,-5,0]},{"t":6,"xzx":[0,0,0]}]},{"bone_id":11,"keys":[{"t":0,"xzx":[0,0,0]},{"t":1,"xzx":[0,80,0]},{"t":2,"xzx":[0,80,0]},{"t":3,"xzx":[0,-5,0]},{"t":4,"xzx":[0,-2,0]},{"t":5,"xzx":[0,-5,0]},{"t":6,"xzx":[0,0,0]}]},{"bone_id":12,"keys":[{"t":0,"xzx":[0,0,0]},{"t":1,"xzx":[0,80,0]},{"t":2,"xzx":[0,80,0]},{"t":3,"xzx":[0,-5,0]},{"t":4,"xzx":[0,-2,0]},{"t":5,"xzx":[0,-5,0]},{"t":6,"xzx":[0,0,0]}]},{"bone_id":14,"keys":[{"t":0,"xzx":[0,0,0]},{"t":1,"xzx":[0,60,0]},{"t":3,"xzx":[0,60,0]},{"t":4,"xzx":[0,-5,0]},{"t":5,"xzx":[0,-2,0]},{"t":6,"xzx":[0,0,0]}]},{"bone_id":15,"keys":[{"t":0,"xzx":[0,0,0]},{"t":1,"xzx":[0,80,0]},{"t":3,"xzx":[0,80,0]},{"t":4,"xzx":[0,-5,0]},{"t":5,"xzx":[0,-2,0]},{"t":6,"xzx":[0,0,0]}]},{"bone_id":16,"keys":[{"t":0,"xzx":[0,0,0]},{"t":1,"xzx":[0,80,0]},{"t":3,"xzx":[0,80,0]},{"t":4,"xzx":[0,-5,0]},{"t":5,"xzx":[0,-2,0]},{"t":6,"xzx":[0,0,0]}]},{"bone_id":18,"keys":[{"t":0,"xzx":[0,0,0]},{"t":1,"xzx":[0,60,0]},{"t":4,"xzx":[0,60,0]},{"t":5,"xzx":[0,-5,0]},{"t":6,"xzx":[0,0,0]}]},{"bone_id":19,"keys":[{"t":0,"xzx":[0,0,0]},{"t":1,"xzx":[0,80,0]},{"t":4,"xzx":[0,80,0]},{"t":5,"xzx":[0,-5,0]},{"t":6,"xzx":[0,0,0]}]},{"bone_id":20,"keys":[{"t":0,"xzx":[0,0,0]},{"t":1,"xzx":[0,80,0]},{"t":4,"xzx":[0,80,0]},{"t":5,"xzx":[0,-5,0]},{"t":6,"xzx":[0,0,0]}]}],"ik_constraints":[4,8,12,16,20],"bones":[{"parent_id":-1,"weight_id":-1,"length":0,"xzx_min":[0,0,0],"xzx_max":[0,0,0],"rest_T":[[1,0,0,-0.090810462832450867],[0,1,0,-0.758070707321167],[0,0,1,-0.0074713230133056641],[0,0,0,1]]},{"parent_id":0,"weight_id":0,"length":0.51039613303128861,"xzx_min":[0,0,0],"xzx_max":[0,0,0],"rest_T":[[0.031616098222352659,-0.99081288185302352,0.13149241608283344,-0.090810462832450867],[0.99081288185302352,0.048376456573773305,0.12629153417182112,-0.758070707321167],[-0.13149241608283344,0.12629153417182112,0.98323964164857935,-0.0074713230133056641],[0,0,0,1]]},{"parent_id":1,"weight_id":1,"length":0.3334750793756987,"xzx_min":[0,0,0],"xzx_max":[0,0,0],"rest_T":[[0.7360710938076569,-0.64582472758667275,-0.20275543420189707,-0.07467372855822467],[0.48104764553572416,0.70981050412981561,-0.514550494073724,-0.25236364386579679],[0.4762273696306587,0.2812107207497202,0.833143458805317,-0.074584543704925066],[0,0,0,1]]},{"parent_id":2,"weight_id":2,"length":0.18498289821407421,"xzx_min":[-20,-5,-20],"xzx_max":[20,60,20],"rest_T":[[0.49597773192704503,-0.76389590465407653,-0.41287908191773842,0.1707876378754411],[0.40757500796602275,0.624650954868329,-0.66610344351578121,-0.0919462420872782],[0.76673900534275741,0.16209328004212517,0.62115784326625412,0.084225416183539042],[0,0,0,1]]},{"parent_id":3,"weight_id":3,"length":0.12279901133394633,"xzx_min":[0,-5,0],"xzx_max":[0,70,0],"rest_T":[[0.47069684943236256,-0.83295946124074594,-0.29090034696434153,0.26253503617694907],[0.64284685433657074,0.54960411788106633,-0.53355715296278339,-0.016551835874098919],[0.60431150725765914,0.064139297920239216,0.794162296170169,0.22605901956561883],[0,0,0,1]]},{"parent_id":1,"weight_id":4,"length":0.62732776823131609,"xzx_min":[-5,0,0],"xzx_max":[5,0,0],"rest_T":[[0.23695073865752553,-0.96762921639438482,0.086879497176502535,-0.07467372855822467],[0.95618435179501093,0.21644833409296316,-0.19713346760693817,-0.25236364386579679],[0.17194718035492107,0.12978373645557392,0.97651950770049778,-0.074584543704925066],[0,0,0,1]]},{"parent_id":5,"weight_id":5,"length":0.26114442809558158,"xzx_min":[0,-10,0],"xzx_max":[0,70,0],"rest_T":[[0.0861681994885083,-0.0035987384106675371,0.99627410408921124,0.073972049504562667],[0.97351770263243176,-0.21223561275510294,-0.084966624857870474,0.34747735156347503],[0.21175061760991562,0.97721189808573139,-0.014784525068519312,0.033282697200795172],[0,0,0,1]]},{"parent_id":6,"weight_id":6,"length":0.13763636865678028,"xzx_min":[0,-10,0],"xzx_max":[0,70,0],"rest_T":[[0.13696131534834854,-0.060627132860211159,0.98871934787339977,0.096474394680015146],[0.74504365595998978,-0.6514728652324846,-0.14315396110324552,0.60170607525834585],[0.65280284068914907,0.75624563246800147,-0.044056719819454679,0.088580191135422773],[0,0,0,1]]},{"parent_id":7,"weight_id":7,"length":0.1116168109731502,"xzx_min":[0,-10,0],"xzx_max":[0,70,0],"rest_T":[[0.10936982633840493,-0.06437808353856686,0.99191416132980426,0.11532525277101799],[0.728327179891437,-0.67390828000937164,-0.1240449481687875,0.70425117855545039],[0.67644494241445374,0.73600481825509279,-0.026816923522178314,0.1784296035767079],[0,0,0,1]]},{"parent_id":1,"weight_id":8,"length":0.62856004210965966,"xzx_min":[-5,0,0],"xzx_max":[5,0,0],"rest_T":[[0.0636438757277762,-0.9911210198530559,0.11674151398618134,-0.07467372855822467],[0.98289156408700651,0.041992103152205758,-0.17933442647593473,-0.25236364386579679],[0.17283989796613883,0.1261577872281093,0.97683702959744612,-0.074584543704925066],[0,0,0,1]]},{"parent_id":9,"weight_id":9,"length":0.25017276416839546,"xzx_min":[0,-10,0],"xzx_max":[0,70,0],"rest_T":[[-0.053120221892960971,0.029793076963825781,0.99814358415564142,-0.034669731350751715],[0.97852842961029807,-0.19778885113189706,0.057980020803104063,0.36544271904596126],[0.19914907599696935,0.97979178549983348,-0.018646785154590981,0.034055709838900439],[0,0,0,1]]},{"parent_id":10,"weight_id":10,"length":0.15525466588411529,"xzx_min":[0,-10,0],"xzx_max":[0,70,0],"rest_T":[[0.015442229400873626,0.039470048111621733,0.99910142270602187,-0.047958964094952275],[0.76382129987139613,-0.64528265179299427,0.013686531984851634,0.61024388109892869],[0.64524302352981833,0.76292359682806221,-0.04011266619199693,0.0838773846626441],[0,0,0,1]]},{"parent_id":11,"weight_id":11,"length":0.099163751438137882,"xzx_min":[0,-10,0],"xzx_max":[0,70,0],"rest_T":[[-0.016238450720341864,0.039487193857501275,0.999088121358403,-0.045561485928813775],[0.734460217986513,-0.67754648790624117,0.038716210056282306,0.72883070180563292],[0.67845744222715043,0.73441917066970552,-0.01799946775364988,0.18405437469482239],[0,0,0,1]]},{"parent_id":1,"weight_id":12,"length":0.62429993591512489,"xzx_min":[-5,0,0],"xzx_max":[5,0,0],"rest_T":[[-0.1149286600416697,-0.99295226414412052,-0.028934481714578703,-0.07467372855822467],[0.97610402918168981,-0.10747506967136759,-0.18886512016358531,-0.25236364386579679],[0.18442431324610417,-0.049949079372894015,0.98157667156137274,-0.074584543704925066],[0,0,0,1]]},{"parent_id":13,"weight_id":13,"length":0.21753745426829474,"xzx_min":[0,-10,0],"xzx_max":[0,70,0],"rest_T":[[-0.23866351074773079,-0.042644324612381955,0.97016554784012077,-0.14642368365705022],[0.96591298357306843,-0.11356721950507077,0.23262543889020462,0.35701803899882734],[0.10025884899868456,0.99261470280881936,0.068295058131742664,0.040551543235808687],[0,0,0,1]]},{"parent_id":14,"weight_id":14,"length":0.15984188049327741,"xzx_min":[0,-10,0],"xzx_max":[0,70,0],"rest_T":[[-0.0895098101386742,0.044368697153285168,0.994997192258279,-0.19834193621184537],[0.80616848139267672,-0.58342309525120717,0.098538680407878457,0.56714029049000581],[0.5848763745424872,0.81095555404745878,0.016453445281017748,0.0623615980148519],[0,0,0,1]]},{"parent_id":15,"weight_id":15,"length":0.078362929525334621,"xzx_min":[0,-10,0],"xzx_max":[0,70,0],"rest_T":[[-0.054591253574876812,0.048475533393142187,0.99733139812971583,-0.21264935258700729],[0.77440753922330774,-0.62846902839031349,0.0729358865596101,0.69599977655022094],[0.63032750077021438,0.77632261529365854,-0.00323090643470842,0.1558493375778135],[0,0,0,1]]},{"parent_id":1,"weight_id":16,"length":0.60978037906064586,"xzx_min":[-5,0,0],"xzx_max":[5,0,0],"rest_T":[[-0.33394910000378059,-0.92599538150475458,0.17609813184281412,-0.07467372855822467],[0.919438123458451,-0.36116432948825222,-0.15554376952004065,-0.25236364386579679],[0.20763317590854141,0.1099676340436828,0.97200595868799455,-0.074584543704925066],[0,0,0,1]]},{"parent_id":17,"weight_id":17,"length":0.16081333587202146,"xzx_min":[0,-10,0],"xzx_max":[0,70,0],"rest_T":[[-0.16451643169578012,0.15209972832282409,0.97457683963154551,-0.27830933734549151],[0.98234205712807,-0.063983400191348433,0.17581298955806909,0.30829168357950631],[0.089097847894770557,0.9862919431608862,-0.13888763932201978,0.052026093006151075],[0,0,0,1]]},{"parent_id":18,"weight_id":18,"length":0.13696785521451035,"xzx_min":[0,-10,0],"xzx_max":[0,70,0],"rest_T":[[-0.1354319086013164,0.2305947911223154,0.96357887089737548,-0.30476577353225148],[0.81075134949242267,-0.53322746874868254,0.24155892835514972,0.46626538675365514],[0.56950895289610715,0.81393765662925832,-0.11473902427705761,0.0663542151451271],[0,0,0,1]]},{"parent_id":19,"weight_id":19,"length":0.073553433187759462,"xzx_min":[0,-10,0],"xzx_max":[0,70,0],"rest_T":[[-0.085450153143198662,0.22976808553594155,0.96948692523259583,-0.32331559158098139],[0.82647078510152516,-0.52709976116521517,0.19776724489470413,0.57731226020590221],[0.55645692798407387,0.8181518616056076,-0.14485585473085283,0.14435863494876849],[0,0,0,1]]}]}
