{"model":{"file":"knight.ply"},"weights":{"file":"knight.dmat"},"fk_animation":[],"ik_constraints":[18,14,8,3,5],"bones":[{"parent_id":-1,"weight_id":-1,"length":0,"xzx_min":[0,0,0],"xzx_max":[0,0,0],"rest_T":[[1,0,0,0.49988675996466331],[0,1,0,0.625439260119746],[0,0,1,0.50110018253326516],[0,0,0,1]]},{"parent_id":0,"weight_id":0,"length":0.17742384678196643,"xzx_min":[0,0,0],"xzx_max":[0,0,0],"rest_T":[[-0.775527715533908,-0.6205183582277829,-0.11624856790969489,0.49988675996466331],[0.59550894569472013,-0.78016550201651558,0.19160084827808385,0.625439260119746],[-0.20958496615053515,0.079364706045037689,0.97456420280967848,0.50110018253326516],[0,0,0,1]]},{"parent_id":1,"weight_id":1,"length":0.16510431100328063,"xzx_min":[-70,-30,-10],"xzx_max":[70,100,10],"rest_T":[[-0.23057652435859732,-0.37424080583379121,-0.898208375413848,0.36228964938860675],[-0.9682777631081364,-0.0031037874574101269,0.24985703907179277,0.73109674805797642],[-0.096294547535222957,0.9273263642064179,-0.36165338981225209,0.463914811611169],[0,0,0,1]]},{"parent_id":2,"weight_id":2,"length":0.20146948851317928,"xzx_min":[-5,-10,-45],"xzx_max":[5,80,45],"rest_T":[[-0.1952893335860541,0.1591380409328183,-0.96774850044605087,0.3242204712008494],[-0.97892523843922008,0.028464414795942135,0.2022255044178182,0.57122991512020982],[0.059728165334549992,0.98684591554020706,0.150225448068493,0.44801616668699334],[0,0,0,1]]},{"parent_id":0,"weight_id":3,"length":0.16393830606126458,"xzx_min":[0,0,0],"xzx_max":[0,0,0],"rest_T":[[6.123233995736766E-17,-0.99300367821044855,-0.11808342415648353,0.49988675996466331],[0.99300367821044855,0.013943695060520057,-0.11725727452307266,0.625439260119746],[0.11808342415648353,-0.11725727452307266,0.98605630493948,0.50110018253326516],[0,0,0,1]]},{"parent_id":4,"weight_id":4,"length":0.1327841465836205,"xzx_min":[-40,-40,-40],"xzx_max":[40,80,40],"rest_T":[[-1.2154671478530285E-32,-0.11808342415648358,0.99300367821044855,0.49988675996466331],[0.9530454489876572,-0.300708620366535,-0.03575888422714095,0.78823060103817211],[0.30282729758711474,0.946377636346472,0.11253886999321587,0.52045857906339288],[0,0,0,1]]},{"parent_id":0,"weight_id":5,"length":0.17742384678196643,"xzx_min":[0,0,0],"xzx_max":[0,0,0],"rest_T":[[0.77552771553390776,-0.59550894569472024,0.20958496615053523,0.49988675996466331],[0.59550894569472024,0.80026732261073241,0.07029443761075739,0.625439260119746],[-0.20958496615053523,0.07029443761075739,0.97526039292317535,0.50110018253326516],[0,0,0,1]]},{"parent_id":6,"weight_id":6,"length":0.16510431100328063,"xzx_min":[-70,-30,-10],"xzx_max":[70,100,10],"rest_T":[[0.23057652435859724,0.39330674085846423,-0.89002487269177033,0.63748387054071975],[-0.96827776310813618,0.0022242059434244912,-0.24986641706765103,0.73109674805797642],[-0.09629454753522293,0.91940462284198576,0.3813430209296777,0.463914811611169],[0,0,0,1]]},{"parent_id":7,"weight_id":7,"length":0.20146948851317928,"xzx_min":[-5,-10,-45],"xzx_max":[5,80,45],"rest_T":[[0.19528933358605424,-0.13846816628071346,-0.970921543233217,0.6755530487284771],[-0.97892523843921986,0.03276966360749594,-0.20157263379181209,0.57122991512020982],[0.059728165334549312,0.989824588537741,-0.12915041692484189,0.44801616668699334],[0,0,0,1]]},{"parent_id":0,"weight_id":8,"length":0.074816591572296184,"xzx_min":[-10,-10,-10],"xzx_max":[10,10,10],"rest_T":[[6.123233995736766E-17,0.99524319984123222,-0.097421625780856544,0.49988675996466331],[-0.99524319984123222,0.0094909731697853123,0.09695821057587474,0.625439260119746],[0.097421625780856544,0.09695821057587474,0.99050902683021491,0.50110018253326516],[0,0,0,1]]},{"parent_id":9,"weight_id":9,"length":0.089673215285634683,"xzx_min":[-10,-10,-10],"xzx_max":[10,10,10],"rest_T":[[-6.0321443774742869E-32,0.99524319984123222,-0.097421625780856544,0.49988675996466331],[-0.96156189027235572,-0.026750838017263748,-0.27328213231242982,0.55097855612211943],[-0.27458829395269979,0.093676922639246471,0.95698793252004311,0.50838893651962058],[0,0,0,1]]},{"parent_id":10,"weight_id":10,"length":0.095424190307607085,"xzx_min":[-10,-10,-10],"xzx_max":[10,10,10],"rest_T":[[-0.74253759085389692,0.6680856864034439,0.047952495156458379,0.49988675996466331],[-0.66653912669435922,-0.74408217167249024,0.045467729046784512,0.46475220972526465],[0.06605693570255898,0.0017992837435958937,0.99781423312337969,0.483765721321085],[0,0,0,1]]},{"parent_id":11,"weight_id":11,"length":0.15664812964252092,"xzx_min":[-10,-50,-0],"xzx_max":[10,70,0],"rest_T":[[0.02101232577840036,-0.26039618829353711,-0.96527317754487463,0.429030711584469],[-0.99125305566003841,0.12039632820603929,-0.054056487114320595,0.40114825325211589],[0.13029144948928698,0.95796583930571377,-0.25558871045740694,0.49006915092470332],[0,0,0,1]]},{"parent_id":12,"weight_id":12,"length":0.14940800509791749,"xzx_min":[0,-70,0],"xzx_max":[0,10,0],"rest_T":[[0.074829568471682942,-0.24579523685412957,-0.96642911650165209,0.43232225311709471],[-0.98313019750988828,-0.18038940049723687,-0.030243659375408044,0.24587031608053719],[-0.16689982152929322,0.95238876816564255,-0.25514718075146403,0.51047906279561306],[0,0,0,1]]},{"parent_id":13,"weight_id":13,"length":0.049428142665486355,"xzx_min":[-10,-30,-10],"xzx_max":[10,30,10],"rest_T":[[-0.32621761214476108,-0.074818747822614273,-0.9423291487059211,0.44350238966478689],[-0.52351823454205637,0.844327031331483,0.11419510613390377,0.098982794519063166],[0.78709003781558473,0.53057894712966258,-0.31460332680097369,0.4855428934097229],[0,0,0,1]]},{"parent_id":10,"weight_id":14,"length":0.095424190307607085,"xzx_min":[-10,-10,-10],"xzx_max":[10,10,10],"rest_T":[[0.74253759085389692,0.64610534350786164,-0.17659504879661583,0.49988675996466331],[-0.66653912669435922,0.73877498311222178,-0.099685088719714626,0.46475220972526465],[0.06605693570255898,0.19172743522543792,0.9792226875575667,0.483765721321085],[0,0,0,1]]},{"parent_id":15,"weight_id":15,"length":0.15664812964252092,"xzx_min":[-20,-50,-0],"xzx_max":[10,70,0],"rest_T":[[-0.02101232577840036,0.068271041797041229,-0.99744551080113075,0.57074280834485769],[-0.99125305566003841,0.12859341208579564,0.0296835646910844,0.40114825325211589],[0.13029144948928698,0.98934463116756222,0.064971832126708609,0.49006915092470332],[0,0,0,1]]},{"parent_id":16,"weight_id":16,"length":0.14940800509791749,"xzx_min":[0,-70,0],"xzx_max":[0,10,0],"rest_T":[[-0.074829568471683289,0.053723089288794941,-0.99574814353811858,0.5674512668122319],[-0.98313019750988828,-0.17110051638815932,0.064650042814165976,0.24587031608053719],[-0.16689982152929317,0.98378780383219511,0.065620169189942582,0.51047906279561306],[0,0,0,1]]},{"parent_id":17,"weight_id":17,"length":0.049428142665486376,"xzx_min":[-10,-30,-10],"xzx_max":[10,30,10],"rest_T":[[0.3262176121447623,-0.10933455369777598,-0.93895049118378837,0.55627113026453967],[-0.52351823454205615,0.806155754635169,-0.27575633695451168,0.098982794519063166],[0.78709003781558462,0.58151427724202076,0.20574357276754049,0.4855428934097229],[0,0,0,1]]}]}
